0.000000 0.000000 0.000000 0.000000 0.000000 0.000000 0.000000 0.000000 0.000000 0.000000 0.000000 0.000000 0.000000 0.000000 0.000000 0.000000 0.000000 0.000000 0.000000 0.000000 0.000000 0.000000 0.000000 0.000000 0.000000 0.000000 0.000000 0.000000 0.000000 0.000000 0.000000 0.000000 0.000000 0.000000 0.000000 0.000000 0.000000 0.000000 0.000000 0.000000 0.000000 
0.000000 0.000000 0.000000 0.000000 0.000000 0.000000 0.000000 0.000000 0.000000 0.000000 0.000000 0.000000 0.000000 0.000000 0.000000 0.000000 0.000000 0.000000 0.000000 0.000000 0.000000 0.000000 0.000000 0.000000 0.000000 0.000000 0.000000 0.000000 0.000000 0.000000 0.000000 0.000000 0.000000 0.000000 0.000000 0.000000 0.000000 0.000000 0.000000 0.000000 0.000000 
0.000000 0.000000 0.000000 0.000000 0.000000 0.000000 0.000000 0.000000 0.000000 0.000000 0.000000 0.000000 0.000000 0.000000 0.000000 0.000000 0.000000 0.000000 0.000000 0.000000 0.000000 0.000000 0.000000 0.000000 0.000000 0.000000 0.000000 0.000000 0.000000 0.000000 0.000000 0.000000 0.000000 0.000000 0.000000 0.000000 0.000000 0.000000 0.000000 0.000000 0.000000 
0.000000 0.000000 0.000000 0.000000 0.000000 0.000000 0.000000 0.000000 0.000000 0.000000 0.000000 0.000000 0.000000 0.000000 0.000000 0.000000 0.000000 0.000000 0.000000 0.000000 0.000000 0.000000 0.000000 0.000000 0.000000 0.000000 0.000000 0.000000 0.000000 0.000000 0.000000 0.000000 0.000000 0.000000 0.000000 0.000000 0.000000 0.000000 0.000000 0.000000 0.000000 
0.000000 0.000000 0.000000 0.000000 0.000000 0.000000 0.000000 0.000000 0.000000 0.000000 0.000000 0.000000 0.000000 0.000000 0.000000 0.000000 0.000000 0.000000 0.000000 0.000000 0.000000 0.000000 0.000000 0.000000 0.000000 0.000000 0.000000 0.000000 0.000000 0.000000 0.000000 0.000000 0.000000 0.000000 0.000000 0.000000 0.000000 0.000000 0.000000 0.000000 0.000000 
0.000000 0.000000 0.000000 0.000000 0.000000 0.000000 0.000000 0.000000 0.000000 0.000000 0.000000 0.000000 0.000000 0.000000 0.000000 0.000000 0.000000 218.742798 221.332066 222.513753 222.853278 222.513753 221.332066 218.742798 0.000000 0.000000 0.000000 0.000000 0.000000 0.000000 0.000000 0.000000 0.000000 0.000000 0.000000 0.000000 0.000000 0.000000 0.000000 0.000000 0.000000 
0.000000 0.000000 0.000000 0.000000 0.000000 0.000000 0.000000 0.000000 0.000000 0.000000 0.000000 0.000000 0.000000 0.000000 303.907950 311.884114 314.663827 310.213821 309.402143 309.525726 309.593468 309.525726 309.402143 310.213821 314.663827 311.884114 303.907950 0.000000 0.000000 0.000000 0.000000 0.000000 0.000000 0.000000 0.000000 0.000000 0.000000 0.000000 0.000000 0.000000 0.000000 
0.000000 0.000000 0.000000 0.000000 0.000000 0.000000 0.000000 0.000000 0.000000 0.000000 0.000000 0.000000 359.079342 367.575780 349.424875 345.652702 346.328987 346.291687 346.063216 345.745267 345.632649 345.745267 346.063216 346.291687 346.328987 345.652702 349.424875 367.575780 359.079342 0.000000 0.000000 0.000000 0.000000 0.000000 0.000000 0.000000 0.000000 0.000000 0.000000 0.000000 0.000000 
0.000000 0.000000 0.000000 0.000000 0.000000 0.000000 0.000000 0.000000 0.000000 0.000000 0.000000 386.019131 357.054021 347.205827 343.733819 342.466861 342.457617 342.364657 342.051008 341.468432 341.243008 341.468432 342.051008 342.364657 342.457617 342.466861 343.733819 347.205827 357.054021 386.019131 0.000000 0.000000 0.000000 0.000000 0.000000 0.000000 0.000000 0.000000 0.000000 0.000000 0.000000 
0.000000 0.000000 0.000000 0.000000 0.000000 0.000000 0.000000 0.000000 0.000000 0.000000 372.242117 320.344768 297.277324 289.681510 286.943235 286.068146 285.696225 285.205491 284.587823 283.761942 283.451240 283.761942 284.587823 285.205491 285.696225 286.068146 286.943235 289.681510 297.277324 320.344768 372.242117 0.000000 0.000000 0.000000 0.000000 0.000000 0.000000 0.000000 0.000000 0.000000 0.000000 
0.000000 0.000000 0.000000 0.000000 0.000000 0.000000 0.000000 0.000000 0.000000 321.222957 256.425785 223.904639 210.456396 204.493769 201.917261 200.876058 200.129575 199.252515 198.331218 197.301148 196.925554 197.301148 198.331218 199.252515 200.129575 200.876058 201.917261 204.493769 210.456396 223.904639 256.425785 321.222957 0.000000 0.000000 0.000000 0.000000 0.000000 0.000000 0.000000 0.000000 0.000000 
0.000000 0.000000 0.000000 0.000000 0.000000 0.000000 0.000000 0.000000 250.555234 204.388969 176.342385 161.177244 152.848700 148.392633 146.088536 144.895093 143.824430 142.632149 141.468195 140.293565 139.875312 140.293565 141.468195 142.632149 143.824430 144.895093 146.088536 148.392633 152.848700 161.177244 176.342385 204.388969 250.555234 0.000000 0.000000 0.000000 0.000000 0.000000 0.000000 0.000000 0.000000 
0.000000 0.000000 0.000000 0.000000 0.000000 0.000000 0.000000 171.694445 152.800725 136.517893 125.312643 117.505244 112.331131 109.057195 107.062738 105.785885 104.468385 103.046025 101.713442 100.457576 100.018461 100.457576 101.713442 103.046025 104.468385 105.785885 107.062738 109.057195 112.331131 117.505244 125.312643 136.517893 152.800725 171.694445 0.000000 0.000000 0.000000 0.000000 0.000000 0.000000 0.000000 
0.000000 0.000000 0.000000 0.000000 0.000000 0.000000 0.000000 106.319852 100.199693 94.416959 89.169323 84.790622 81.396910 78.909689 77.157503 75.822345 74.321688 72.745917 71.312857 70.031490 69.589951 70.031490 71.312857 72.745917 74.321688 75.822345 77.157503 78.909689 81.396910 84.790622 89.169323 94.416959 100.199693 106.319852 0.000000 0.000000 0.000000 0.000000 0.000000 0.000000 0.000000 
0.000000 0.000000 0.000000 0.000000 0.000000 0.000000 89.961917 76.431695 68.894174 65.340852 62.245073 59.388560 56.900110 54.849806 53.227870 51.820989 50.178709 48.507973 47.028389 45.764496 45.334283 45.764496 47.028389 48.507973 50.178709 51.820989 53.227870 54.849806 56.900110 59.388560 62.245073 65.340852 68.894174 76.431695 89.961917 0.000000 0.000000 0.000000 0.000000 0.000000 0.000000 
0.000000 0.000000 0.000000 0.000000 0.000000 0.000000 47.913835 48.197464 45.947245 43.686666 41.455569 39.266533 37.226981 35.424814 33.898406 32.466297 30.746885 29.056014 27.595746 26.396694 25.993081 26.396694 27.595746 29.056014 30.746885 32.466297 33.898406 35.424814 37.226981 39.266533 41.455569 43.686666 45.947245 48.197464 47.913835 0.000000 0.000000 0.000000 0.000000 0.000000 0.000000 
0.000000 0.000000 0.000000 0.000000 0.000000 0.000000 32.550442 30.682152 29.207118 27.551175 25.789153 24.018228 22.336091 20.817808 19.503703 18.245414 16.680077 15.197173 13.854800 12.783268 12.426441 12.783268 13.854800 15.197173 16.680077 18.245414 19.503703 20.817808 22.336091 24.018228 25.789153 27.551175 29.207118 30.682152 32.550442 0.000000 0.000000 0.000000 0.000000 0.000000 0.000000 
0.000000 0.000000 0.000000 0.000000 0.000000 25.815019 21.444322 18.860275 17.456223 16.110146 14.716411 13.329695 12.017911 10.831869 9.798475 8.796584 7.475721 6.277334 5.240886 4.493016 4.189895 4.493016 5.240886 6.277334 7.475721 8.796584 9.798475 10.831869 12.017911 13.329695 14.716411 16.110146 17.456223 18.860275 21.444322 25.815019 0.000000 0.000000 0.000000 0.000000 0.000000 
0.000000 0.000000 0.000000 0.000000 0.000000 11.178661 11.003457 10.062209 9.099394 8.132136 7.158953 6.214583 5.336851 4.551910 3.871505 3.206290 2.319908 1.463406 0.783895 0.402090 0.402090 0.402090 0.783895 1.463406 2.319908 3.206290 3.871505 4.551910 5.336851 6.214583 7.158953 8.132136 9.099394 10.062209 11.003457 11.178661 0.000000 0.000000 0.000000 0.000000 0.000000 
0.000000 0.000000 0.000000 0.000000 0.000000 4.681913 4.705468 4.388145 3.949054 3.480351 3.014593 2.572789 2.170526 1.816653 1.513597 1.213022 0.795703 0.303121 0.000000 0.000000 0.000000 0.000000 0.000000 0.303121 0.795703 1.213022 1.513597 1.816653 2.170526 2.572789 3.014593 3.480351 3.949054 4.388145 4.705468 4.681913 0.000000 0.000000 0.000000 0.000000 0.000000 
0.000000 0.000000 0.000000 0.000000 0.000000 0.000000 0.000000 -0.000000 -0.000000 -0.000000 -0.000000 -0.000000 -0.000000 -0.000000 -0.000000 -0.000000 -0.000000 0.000000 -0.000000 0.000000 0.000000 0.000000 -0.000000 0.000000 -0.000000 0.000000 -0.000000 -0.000000 -0.000000 -0.000000 0.000000 -0.000000 -0.000000 -0.000000 0.000000 0.000000 0.000000 0.000000 0.000000 0.000000 0.000000 
0.000000 0.000000 0.000000 0.000000 0.000000 -4.681913 -4.705468 -4.388145 -3.949054 -3.480351 -3.014593 -2.572789 -2.170526 -1.816653 -1.513597 -1.213022 -0.795703 -0.303121 -0.000000 0.000000 0.000000 0.000000 -0.000000 -0.303121 -0.795703 -1.213022 -1.513597 -1.816653 -2.170526 -2.572789 -3.014593 -3.480351 -3.949054 -4.388145 -4.705468 -4.681913 0.000000 0.000000 0.000000 0.000000 0.000000 
0.000000 0.000000 0.000000 0.000000 0.000000 -11.178661 -11.003457 -10.062209 -9.099394 -8.132136 -7.158953 -6.214583 -5.336851 -4.551910 -3.871505 -3.206290 -2.319908 -1.463406 -0.783895 -0.402090 -0.402090 -0.402090 -0.783895 -1.463406 -2.319908 -3.206290 -3.871505 -4.551910 -5.336851 -6.214583 -7.158953 -8.132136 -9.099394 -10.062209 -11.003457 -11.178661 0.000000 0.000000 0.000000 0.000000 0.000000 
0.000000 0.000000 0.000000 0.000000 0.000000 -25.815019 -21.444322 -18.860275 -17.456223 -16.110146 -14.716411 -13.329695 -12.017911 -10.831869 -9.798475 -8.796584 -7.475721 -6.277334 -5.240886 -4.493016 -4.189895 -4.493016 -5.240886 -6.277334 -7.475721 -8.796584 -9.798475 -10.831869 -12.017911 -13.329695 -14.716411 -16.110146 -17.456223 -18.860275 -21.444322 -25.815019 0.000000 0.000000 0.000000 0.000000 0.000000 
0.000000 0.000000 0.000000 0.000000 0.000000 0.000000 -32.550442 -30.682152 -29.207118 -27.551175 -25.789153 -24.018228 -22.336091 -20.817808 -19.503703 -18.245414 -16.680077 -15.197173 -13.854800 -12.783268 -12.426441 -12.783268 -13.854800 -15.197173 -16.680077 -18.245414 -19.503703 -20.817808 -22.336091 -24.018228 -25.789153 -27.551175 -29.207118 -30.682152 -32.550442 0.000000 0.000000 0.000000 0.000000 0.000000 0.000000 
0.000000 0.000000 0.000000 0.000000 0.000000 0.000000 -47.913835 -48.197464 -45.947245 -43.686666 -41.455569 -39.266533 -37.226981 -35.424814 -33.898406 -32.466297 -30.746885 -29.056014 -27.595746 -26.396694 -25.993081 -26.396694 -27.595746 -29.056014 -30.746885 -32.466297 -33.898406 -35.424814 -37.226981 -39.266533 -41.455569 -43.686666 -45.947245 -48.197464 -47.913835 0.000000 0.000000 0.000000 0.000000 0.000000 0.000000 
0.000000 0.000000 0.000000 0.000000 0.000000 0.000000 -89.961917 -76.431695 -68.894174 -65.340852 -62.245073 -59.388560 -56.900110 -54.849806 -53.227870 -51.820989 -50.178709 -48.507973 -47.028389 -45.764496 -45.334283 -45.764496 -47.028389 -48.507973 -50.178709 -51.820989 -53.227870 -54.849806 -56.900110 -59.388560 -62.245073 -65.340852 -68.894174 -76.431695 -89.961917 0.000000 0.000000 0.000000 0.000000 0.000000 0.000000 
0.000000 0.000000 0.000000 0.000000 0.000000 0.000000 0.000000 -106.319852 -100.199693 -94.416959 -89.169323 -84.790622 -81.396910 -78.909689 -77.157503 -75.822345 -74.321688 -72.745917 -71.312857 -70.031490 -69.589951 -70.031490 -71.312857 -72.745917 -74.321688 -75.822345 -77.157503 -78.909689 -81.396910 -84.790622 -89.169323 -94.416959 -100.199693 -106.319852 0.000000 0.000000 0.000000 0.000000 0.000000 0.000000 0.000000 
0.000000 0.000000 0.000000 0.000000 0.000000 0.000000 0.000000 -171.694445 -152.800725 -136.517893 -125.312643 -117.505244 -112.331131 -109.057195 -107.062738 -105.785885 -104.468385 -103.046025 -101.713442 -100.457576 -100.018461 -100.457576 -101.713442 -103.046025 -104.468385 -105.785885 -107.062738 -109.057195 -112.331131 -117.505244 -125.312643 -136.517893 -152.800725 -171.694445 0.000000 0.000000 0.000000 0.000000 0.000000 0.000000 0.000000 
0.000000 0.000000 0.000000 0.000000 0.000000 0.000000 0.000000 0.000000 -250.555234 -204.388969 -176.342385 -161.177244 -152.848700 -148.392633 -146.088536 -144.895093 -143.824430 -142.632149 -141.468195 -140.293565 -139.875312 -140.293565 -141.468195 -142.632149 -143.824430 -144.895093 -146.088536 -148.392633 -152.848700 -161.177244 -176.342385 -204.388969 -250.555234 0.000000 0.000000 0.000000 0.000000 0.000000 0.000000 0.000000 0.000000 
0.000000 0.000000 0.000000 0.000000 0.000000 0.000000 0.000000 0.000000 0.000000 -321.222957 -256.425785 -223.904639 -210.456396 -204.493769 -201.917261 -200.876058 -200.129575 -199.252515 -198.331218 -197.301148 -196.925554 -197.301148 -198.331218 -199.252515 -200.129575 -200.876058 -201.917261 -204.493769 -210.456396 -223.904639 -256.425785 -321.222957 0.000000 0.000000 0.000000 0.000000 0.000000 0.000000 0.000000 0.000000 0.000000 
0.000000 0.000000 0.000000 0.000000 0.000000 0.000000 0.000000 0.000000 0.000000 0.000000 -372.242117 -320.344768 -297.277324 -289.681510 -286.943235 -286.068146 -285.696225 -285.205491 -284.587823 -283.761942 -283.451240 -283.761942 -284.587823 -285.205491 -285.696225 -286.068146 -286.943235 -289.681510 -297.277324 -320.344768 -372.242117 0.000000 0.000000 0.000000 0.000000 0.000000 0.000000 0.000000 0.000000 0.000000 0.000000 
0.000000 0.000000 0.000000 0.000000 0.000000 0.000000 0.000000 0.000000 0.000000 0.000000 0.000000 -386.019131 -357.054021 -347.205827 -343.733819 -342.466861 -342.457617 -342.364657 -342.051008 -341.468432 -341.243008 -341.468432 -342.051008 -342.364657 -342.457617 -342.466861 -343.733819 -347.205827 -357.054021 -386.019131 0.000000 0.000000 0.000000 0.000000 0.000000 0.000000 0.000000 0.000000 0.000000 0.000000 0.000000 
0.000000 0.000000 0.000000 0.000000 0.000000 0.000000 0.000000 0.000000 0.000000 0.000000 0.000000 0.000000 -359.079342 -367.575780 -349.424875 -345.652702 -346.328987 -346.291687 -346.063216 -345.745267 -345.632649 -345.745267 -346.063216 -346.291687 -346.328987 -345.652702 -349.424875 -367.575780 -359.079342 0.000000 0.000000 0.000000 0.000000 0.000000 0.000000 0.000000 0.000000 0.000000 0.000000 0.000000 0.000000 
0.000000 0.000000 0.000000 0.000000 0.000000 0.000000 0.000000 0.000000 0.000000 0.000000 0.000000 0.000000 0.000000 0.000000 -303.907950 -311.884114 -314.663827 -310.213821 -309.402143 -309.525726 -309.593468 -309.525726 -309.402143 -310.213821 -314.663827 -311.884114 -303.907950 0.000000 0.000000 0.000000 0.000000 0.000000 0.000000 0.000000 0.000000 0.000000 0.000000 0.000000 0.000000 0.000000 0.000000 
0.000000 0.000000 0.000000 0.000000 0.000000 0.000000 0.000000 0.000000 0.000000 0.000000 0.000000 0.000000 0.000000 0.000000 0.000000 0.000000 0.000000 -218.742798 -221.332066 -222.513753 -222.853278 -222.513753 -221.332066 -218.742798 0.000000 0.000000 0.000000 0.000000 0.000000 0.000000 0.000000 0.000000 0.000000 0.000000 0.000000 0.000000 0.000000 0.000000 0.000000 0.000000 0.000000 
0.000000 0.000000 0.000000 0.000000 0.000000 0.000000 0.000000 0.000000 0.000000 0.000000 0.000000 0.000000 0.000000 0.000000 0.000000 0.000000 0.000000 0.000000 0.000000 0.000000 0.000000 0.000000 0.000000 0.000000 0.000000 0.000000 0.000000 0.000000 0.000000 0.000000 0.000000 0.000000 0.000000 0.000000 0.000000 0.000000 0.000000 0.000000 0.000000 0.000000 0.000000 
0.000000 0.000000 0.000000 0.000000 0.000000 0.000000 0.000000 0.000000 0.000000 0.000000 0.000000 0.000000 0.000000 0.000000 0.000000 0.000000 0.000000 0.000000 0.000000 0.000000 0.000000 0.000000 0.000000 0.000000 0.000000 0.000000 0.000000 0.000000 0.000000 0.000000 0.000000 0.000000 0.000000 0.000000 0.000000 0.000000 0.000000 0.000000 0.000000 0.000000 0.000000 
0.000000 0.000000 0.000000 0.000000 0.000000 0.000000 0.000000 0.000000 0.000000 0.000000 0.000000 0.000000 0.000000 0.000000 0.000000 0.000000 0.000000 0.000000 0.000000 0.000000 0.000000 0.000000 0.000000 0.000000 0.000000 0.000000 0.000000 0.000000 0.000000 0.000000 0.000000 0.000000 0.000000 0.000000 0.000000 0.000000 0.000000 0.000000 0.000000 0.000000 0.000000 
0.000000 0.000000 0.000000 0.000000 0.000000 0.000000 0.000000 0.000000 0.000000 0.000000 0.000000 0.000000 0.000000 0.000000 0.000000 0.000000 0.000000 0.000000 0.000000 0.000000 0.000000 0.000000 0.000000 0.000000 0.000000 0.000000 0.000000 0.000000 0.000000 0.000000 0.000000 0.000000 0.000000 0.000000 0.000000 0.000000 0.000000 0.000000 0.000000 0.000000 0.000000 
0.000000 0.000000 0.000000 0.000000 0.000000 0.000000 0.000000 0.000000 0.000000 0.000000 0.000000 0.000000 0.000000 0.000000 0.000000 0.000000 0.000000 0.000000 0.000000 0.000000 0.000000 0.000000 0.000000 0.000000 0.000000 0.000000 0.000000 0.000000 0.000000 0.000000 0.000000 0.000000 0.000000 0.000000 0.000000 0.000000 0.000000 0.000000 0.000000 0.000000 0.000000 
