0.000000 0.000000 0.000000 0.000000 0.000000 0.000000 0.000000 0.000000 0.000000 0.000000 0.000000 0.000000 0.000000 0.000000 0.000000 0.000000 0.000000 0.000000 0.000000 0.000000 0.000000 0.000000 0.000000 0.000000 0.000000 0.000000 0.000000 0.000000 0.000000 0.000000 0.000000 0.000000 0.000000 0.000000 0.000000 0.000000 0.000000 0.000000 0.000000 0.000000 0.000000 
0.000000 0.000000 0.000000 0.000000 0.000000 0.000000 0.000000 0.000000 0.000000 0.000000 0.000000 0.000000 0.000000 0.000000 0.000000 0.000000 0.000000 0.000000 0.000000 0.000000 0.000000 0.000000 0.000000 0.000000 0.000000 0.000000 0.000000 0.000000 0.000000 0.000000 0.000000 0.000000 0.000000 0.000000 0.000000 0.000000 0.000000 0.000000 0.000000 0.000000 0.000000 
0.000000 0.000000 0.000000 0.000000 0.000000 0.000000 0.000000 0.000000 0.000000 0.000000 0.000000 0.000000 0.000000 0.000000 0.000000 0.000000 0.000000 0.000000 0.000000 0.000000 0.000000 0.000000 0.000000 0.000000 0.000000 0.000000 0.000000 0.000000 0.000000 0.000000 0.000000 0.000000 0.000000 0.000000 0.000000 0.000000 0.000000 0.000000 0.000000 0.000000 0.000000 
0.000000 0.000000 0.000000 0.000000 0.000000 0.000000 0.000000 0.000000 0.000000 0.000000 0.000000 0.000000 0.000000 0.000000 0.000000 0.000000 0.000000 0.000000 0.000000 0.000000 0.000000 0.000000 0.000000 0.000000 0.000000 0.000000 0.000000 0.000000 0.000000 0.000000 0.000000 0.000000 0.000000 0.000000 0.000000 0.000000 0.000000 0.000000 0.000000 0.000000 0.000000 
0.000000 0.000000 0.000000 0.000000 0.000000 0.000000 0.000000 0.000000 0.000000 0.000000 0.000000 0.000000 0.000000 0.000000 0.000000 0.000000 0.000000 0.000000 0.000000 0.000000 0.000000 0.000000 0.000000 0.000000 0.000000 0.000000 0.000000 0.000000 0.000000 0.000000 0.000000 0.000000 0.000000 0.000000 0.000000 0.000000 0.000000 0.000000 0.000000 0.000000 0.000000 
0.000000 0.000000 0.000000 0.000000 0.000000 0.000000 0.000000 0.000000 0.000000 0.000000 0.000000 0.000000 0.000000 0.000000 0.000000 0.000000 0.000000 6.453755 2.794665 1.170478 0.000000 -1.170478 -2.794665 -6.453755 0.000000 0.000000 0.000000 0.000000 0.000000 0.000000 0.000000 0.000000 0.000000 0.000000 0.000000 0.000000 0.000000 0.000000 0.000000 0.000000 0.000000 
0.000000 0.000000 0.000000 0.000000 0.000000 0.000000 0.000000 0.000000 0.000000 0.000000 0.000000 0.000000 0.000000 0.000000 22.490479 11.978459 8.137611 5.361080 2.750864 1.176367 0.000000 -1.176367 -2.750864 -5.361080 -8.137611 -11.978459 -22.490479 0.000000 0.000000 0.000000 0.000000 0.000000 0.000000 0.000000 0.000000 0.000000 0.000000 0.000000 0.000000 0.000000 0.000000 
0.000000 0.000000 0.000000 0.000000 0.000000 0.000000 0.000000 0.000000 0.000000 0.000000 0.000000 0.000000 42.923611 26.579963 19.107924 12.049366 7.670538 4.715069 2.515552 1.097036 0.000000 -1.097036 -2.515552 -4.715069 -7.670538 -12.049366 -19.107924 -26.579963 -42.923611 0.000000 0.000000 0.000000 0.000000 0.000000 0.000000 0.000000 0.000000 0.000000 0.000000 0.000000 0.000000 
0.000000 0.000000 0.000000 0.000000 0.000000 0.000000 0.000000 0.000000 0.000000 0.000000 0.000000 62.638808 38.200181 25.049923 17.223543 11.486811 7.301780 4.364056 2.274849 0.987264 -0.000000 -0.987264 -2.274849 -4.364056 -7.301780 -11.486811 -17.223543 -25.049923 -38.200181 -62.638808 0.000000 0.000000 0.000000 0.000000 0.000000 0.000000 0.000000 0.000000 0.000000 0.000000 0.000000 
0.000000 0.000000 0.000000 0.000000 0.000000 0.000000 0.000000 0.000000 0.000000 0.000000 80.305739 51.097242 34.129473 23.604240 16.335213 10.921666 6.887794 4.027537 2.033034 0.870088 -0.000000 -0.870088 -2.033034 -4.027537 -6.887794 -10.921666 -16.335213 -23.604240 -34.129473 -51.097242 -80.305739 0.000000 0.000000 0.000000 0.000000 0.000000 0.000000 0.000000 0.000000 0.000000 0.000000 
0.000000 0.000000 0.000000 0.000000 0.000000 0.000000 0.000000 0.000000 0.000000 93.060529 64.106446 44.085596 31.328161 22.292331 15.561268 10.363892 6.447288 3.679103 1.789738 0.753648 -0.000000 -0.753648 -1.789738 -3.679103 -6.447288 -10.363892 -15.561268 -22.292331 -31.328161 -44.085596 -64.106446 -93.060529 0.000000 0.000000 0.000000 0.000000 0.000000 0.000000 0.000000 0.000000 0.000000 
0.000000 0.000000 0.000000 0.000000 0.000000 0.000000 0.000000 0.000000 96.504783 80.086192 55.976160 40.294311 29.376311 21.197656 14.847140 9.816633 6.004557 3.332424 1.553646 0.643197 0.000000 -0.643197 -1.553646 -3.332424 -6.004557 -9.816633 -14.847140 -21.197656 -29.376311 -40.294311 -55.976160 -80.086192 -96.504783 0.000000 0.000000 0.000000 0.000000 0.000000 0.000000 0.000000 0.000000 
0.000000 0.000000 0.000000 0.000000 0.000000 0.000000 0.000000 89.769835 89.263505 74.319331 52.614099 38.212175 28.082783 20.349227 14.225028 9.306745 5.584023 3.004478 1.334213 0.542631 -0.000000 -0.542631 -1.334213 -3.004478 -5.584023 -9.306745 -14.225028 -20.349227 -28.082783 -38.212175 -52.614099 -74.319331 -89.263505 -89.769835 0.000000 0.000000 0.000000 0.000000 0.000000 0.000000 0.000000 
0.000000 0.000000 0.000000 0.000000 0.000000 0.000000 0.000000 91.893945 86.801457 72.420378 51.123442 37.098158 27.264299 19.727422 13.712451 8.856203 5.204452 2.707967 1.137977 0.454163 -0.000000 -0.454163 -1.137977 -2.707967 -5.204452 -8.856203 -13.712451 -19.727422 -27.264299 -37.098158 -51.123442 -72.420378 -86.801457 -91.893945 0.000000 0.000000 0.000000 0.000000 0.000000 0.000000 0.000000 
0.000000 0.000000 0.000000 0.000000 0.000000 0.000000 75.976988 87.356219 85.933455 71.735809 50.479315 36.522134 26.765684 19.289376 13.306968 8.474602 4.875926 2.449619 0.967876 0.378399 0.000000 -0.378399 -0.967876 -2.449619 -4.875926 -8.474602 -13.306968 -19.289376 -26.765684 -36.522134 -50.479315 -71.735809 -85.933455 -87.356219 -75.976988 0.000000 0.000000 0.000000 0.000000 0.000000 0.000000 
0.000000 0.000000 0.000000 0.000000 0.000000 0.000000 77.971028 86.413176 85.616715 71.517037 50.219014 36.223773 26.446471 18.955586 12.955247 8.116574 4.561354 2.199146 0.801573 0.303255 -0.000000 -0.303255 -0.801573 -2.199146 -4.561354 -8.116574 -12.955247 -18.955586 -26.446471 -36.223773 -50.219014 -71.517037 -85.616715 -86.413176 -77.971028 0.000000 0.000000 0.000000 0.000000 0.000000 0.000000 
0.000000 0.000000 0.000000 0.000000 0.000000 0.000000 78.665957 86.582247 85.614404 71.424056 50.032394 35.956108 26.117096 18.580422 12.544677 7.686721 4.170019 1.868930 0.579977 0.198926 0.000000 -0.198926 -0.579977 -1.868930 -4.170019 -7.686721 -12.544677 -18.580422 -26.117096 -35.956108 -50.032394 -71.424056 -85.614404 -86.582247 -78.665957 0.000000 0.000000 0.000000 0.000000 0.000000 0.000000 
0.000000 0.000000 0.000000 0.000000 0.000000 54.685700 77.553455 86.572922 85.591164 71.301373 49.813129 35.658037 25.761506 18.186479 12.126993 7.264004 3.799293 1.569333 0.365851 0.075780 -0.000000 -0.075780 -0.365851 -1.569333 -3.799293 -7.264004 -12.126993 -18.186479 -25.761506 -35.658037 -49.813129 -71.301373 -85.591164 -86.572922 -77.553455 -54.685700 0.000000 0.000000 0.000000 0.000000 0.000000 
0.000000 0.000000 0.000000 0.000000 0.000000 55.333016 77.350536 86.515804 85.512752 71.146956 49.582804 35.367049 25.428361 17.828214 11.757097 6.898937 3.463700 1.310222 0.195974 0.000000 -0.000000 -0.000000 -0.195974 -1.310222 -3.463700 -6.898937 -11.757097 -17.828214 -25.428361 -35.367049 -49.582804 -71.146956 -85.512752 -86.515804 -77.350536 -55.333016 0.000000 0.000000 0.000000 0.000000 0.000000 
0.000000 0.000000 0.000000 0.000000 0.000000 55.628438 77.381432 86.436317 85.367108 70.940486 49.325287 35.073391 25.114394 17.507873 11.441124 6.599174 3.195817 1.123254 0.100523 0.000000 0.000000 0.000000 -0.100523 -1.123254 -3.195817 -6.599174 -11.441124 -17.507873 -25.114394 -35.073391 -49.325287 -70.940486 -85.367108 -86.436317 -77.381432 -55.628438 0.000000 0.000000 0.000000 0.000000 0.000000 
0.000000 0.000000 0.000000 0.000000 0.000000 55.713319 77.398367 86.408162 85.310752 70.862810 49.231388 34.968828 25.004615 17.397488 11.333571 6.498270 3.106610 1.047474 0.100523 0.000000 0.000000 0.000000 -0.100523 -1.047474 -3.106610 -6.498270 -11.333571 -17.397488 -25.004615 -34.968828 -49.231388 -70.862810 -85.310752 -86.408162 -77.398367 -55.713319 0.000000 0.000000 0.000000 0.000000 0.000000 
0.000000 0.000000 0.000000 0.000000 0.000000 55.628438 77.381432 86.436317 85.367108 70.940486 49.325287 35.073391 25.114394 17.507873 11.441124 6.599174 3.195817 1.123254 0.100523 0.000000 0.000000 0.000000 -0.100523 -1.123254 -3.195817 -6.599174 -11.441124 -17.507873 -25.114394 -35.073391 -49.325287 -70.940486 -85.367108 -86.436317 -77.381432 -55.628438 0.000000 0.000000 0.000000 0.000000 0.000000 
0.000000 0.000000 0.000000 0.000000 0.000000 55.333016 77.350536 86.515804 85.512752 71.146956 49.582804 35.367049 25.428361 17.828214 11.757097 6.898937 3.463700 1.310222 0.195974 0.000000 -0.000000 -0.000000 -0.195974 -1.310222 -3.463700 -6.898937 -11.757097 -17.828214 -25.428361 -35.367049 -49.582804 -71.146956 -85.512752 -86.515804 -77.350536 -55.333016 0.000000 0.000000 0.000000 0.000000 0.000000 
0.000000 0.000000 0.000000 0.000000 0.000000 54.685700 77.553455 86.572922 85.591164 71.301373 49.813129 35.658037 25.761506 18.186479 12.126993 7.264004 3.799293 1.569333 0.365851 0.075780 -0.000000 -0.075780 -0.365851 -1.569333 -3.799293 -7.264004 -12.126993 -18.186479 -25.761506 -35.658037 -49.813129 -71.301373 -85.591164 -86.572922 -77.553455 -54.685700 0.000000 0.000000 0.000000 0.000000 0.000000 
0.000000 0.000000 0.000000 0.000000 0.000000 0.000000 78.665957 86.582247 85.614404 71.424056 50.032394 35.956108 26.117096 18.580422 12.544677 7.686721 4.170019 1.868930 0.579977 0.198926 0.000000 -0.198926 -0.579977 -1.868930 -4.170019 -7.686721 -12.544677 -18.580422 -26.117096 -35.956108 -50.032394 -71.424056 -85.614404 -86.582247 -78.665957 0.000000 0.000000 0.000000 0.000000 0.000000 0.000000 
0.000000 0.000000 0.000000 0.000000 0.000000 0.000000 77.971028 86.413176 85.616715 71.517037 50.219014 36.223773 26.446471 18.955586 12.955247 8.116574 4.561354 2.199146 0.801573 0.303255 0.000000 -0.303255 -0.801573 -2.199146 -4.561354 -8.116574 -12.955247 -18.955586 -26.446471 -36.223773 -50.219014 -71.517037 -85.616715 -86.413176 -77.971028 0.000000 0.000000 0.000000 0.000000 0.000000 0.000000 
0.000000 0.000000 0.000000 0.000000 0.000000 0.000000 75.976988 87.356219 85.933455 71.735809 50.479315 36.522134 26.765684 19.289376 13.306968 8.474602 4.875926 2.449619 0.967876 0.378399 -0.000000 -0.378399 -0.967876 -2.449619 -4.875926 -8.474602 -13.306968 -19.289376 -26.765684 -36.522134 -50.479315 -71.735809 -85.933455 -87.356219 -75.976988 0.000000 0.000000 0.000000 0.000000 0.000000 0.000000 
0.000000 0.000000 0.000000 0.000000 0.000000 0.000000 0.000000 91.893945 86.801457 72.420378 51.123442 37.098158 27.264299 19.727422 13.712451 8.856203 5.204452 2.707967 1.137977 0.454163 0.000000 -0.454163 -1.137977 -2.707967 -5.204452 -8.856203 -13.712451 -19.727422 -27.264299 -37.098158 -51.123442 -72.420378 -86.801457 -91.893945 0.000000 0.000000 0.000000 0.000000 0.000000 0.000000 0.000000 
0.000000 0.000000 0.000000 0.000000 0.000000 0.000000 0.000000 89.769835 89.263505 74.319331 52.614099 38.212175 28.082783 20.349227 14.225028 9.306745 5.584023 3.004478 1.334213 0.542631 0.000000 -0.542631 -1.334213 -3.004478 -5.584023 -9.306745 -14.225028 -20.349227 -28.082783 -38.212175 -52.614099 -74.319331 -89.263505 -89.769835 0.000000 0.000000 0.000000 0.000000 0.000000 0.000000 0.000000 
0.000000 0.000000 0.000000 0.000000 0.000000 0.000000 0.000000 0.000000 96.504783 80.086192 55.976160 40.294311 29.376311 21.197656 14.847140 9.816633 6.004557 3.332424 1.553646 0.643197 -0.000000 -0.643197 -1.553646 -3.332424 -6.004557 -9.816633 -14.847140 -21.197656 -29.376311 -40.294311 -55.976160 -80.086192 -96.504783 0.000000 0.000000 0.000000 0.000000 0.000000 0.000000 0.000000 0.000000 
0.000000 0.000000 0.000000 0.000000 0.000000 0.000000 0.000000 0.000000 0.000000 93.060529 64.106446 44.085596 31.328161 22.292331 15.561268 10.363892 6.447288 3.679103 1.789738 0.753648 -0.000000 -0.753648 -1.789738 -3.679103 -6.447288 -10.363892 -15.561268 -22.292331 -31.328161 -44.085596 -64.106446 -93.060529 0.000000 0.000000 0.000000 0.000000 0.000000 0.000000 0.000000 0.000000 0.000000 
0.000000 0.000000 0.000000 0.000000 0.000000 0.000000 0.000000 0.000000 0.000000 0.000000 80.305739 51.097242 34.129473 23.604240 16.335213 10.921666 6.887794 4.027537 2.033034 0.870088 0.000000 -0.870088 -2.033034 -4.027537 -6.887794 -10.921666 -16.335213 -23.604240 -34.129473 -51.097242 -80.305739 0.000000 0.000000 0.000000 0.000000 0.000000 0.000000 0.000000 0.000000 0.000000 0.000000 
0.000000 0.000000 0.000000 0.000000 0.000000 0.000000 0.000000 0.000000 0.000000 0.000000 0.000000 62.638808 38.200181 25.049923 17.223543 11.486811 7.301780 4.364056 2.274849 0.987264 0.000000 -0.987264 -2.274849 -4.364056 -7.301780 -11.486811 -17.223543 -25.049923 -38.200181 -62.638808 0.000000 0.000000 0.000000 0.000000 0.000000 0.000000 0.000000 0.000000 0.000000 0.000000 0.000000 
0.000000 0.000000 0.000000 0.000000 0.000000 0.000000 0.000000 0.000000 0.000000 0.000000 0.000000 0.000000 42.923611 26.579963 19.107924 12.049366 7.670538 4.715069 2.515552 1.097036 0.000000 -1.097036 -2.515552 -4.715069 -7.670538 -12.049366 -19.107924 -26.579963 -42.923611 0.000000 0.000000 0.000000 0.000000 0.000000 0.000000 0.000000 0.000000 0.000000 0.000000 0.000000 0.000000 
0.000000 0.000000 0.000000 0.000000 0.000000 0.000000 0.000000 0.000000 0.000000 0.000000 0.000000 0.000000 0.000000 0.000000 22.490479 11.978459 8.137611 5.361080 2.750864 1.176367 -0.000000 -1.176367 -2.750864 -5.361080 -8.137611 -11.978459 -22.490479 0.000000 0.000000 0.000000 0.000000 0.000000 0.000000 0.000000 0.000000 0.000000 0.000000 0.000000 0.000000 0.000000 0.000000 
0.000000 0.000000 0.000000 0.000000 0.000000 0.000000 0.000000 0.000000 0.000000 0.000000 0.000000 0.000000 0.000000 0.000000 0.000000 0.000000 0.000000 6.453755 2.794665 1.170478 -0.000000 -1.170478 -2.794665 -6.453755 0.000000 0.000000 0.000000 0.000000 0.000000 0.000000 0.000000 0.000000 0.000000 0.000000 0.000000 0.000000 0.000000 0.000000 0.000000 0.000000 0.000000 
0.000000 0.000000 0.000000 0.000000 0.000000 0.000000 0.000000 0.000000 0.000000 0.000000 0.000000 0.000000 0.000000 0.000000 0.000000 0.000000 0.000000 0.000000 0.000000 0.000000 0.000000 0.000000 0.000000 0.000000 0.000000 0.000000 0.000000 0.000000 0.000000 0.000000 0.000000 0.000000 0.000000 0.000000 0.000000 0.000000 0.000000 0.000000 0.000000 0.000000 0.000000 
0.000000 0.000000 0.000000 0.000000 0.000000 0.000000 0.000000 0.000000 0.000000 0.000000 0.000000 0.000000 0.000000 0.000000 0.000000 0.000000 0.000000 0.000000 0.000000 0.000000 0.000000 0.000000 0.000000 0.000000 0.000000 0.000000 0.000000 0.000000 0.000000 0.000000 0.000000 0.000000 0.000000 0.000000 0.000000 0.000000 0.000000 0.000000 0.000000 0.000000 0.000000 
0.000000 0.000000 0.000000 0.000000 0.000000 0.000000 0.000000 0.000000 0.000000 0.000000 0.000000 0.000000 0.000000 0.000000 0.000000 0.000000 0.000000 0.000000 0.000000 0.000000 0.000000 0.000000 0.000000 0.000000 0.000000 0.000000 0.000000 0.000000 0.000000 0.000000 0.000000 0.000000 0.000000 0.000000 0.000000 0.000000 0.000000 0.000000 0.000000 0.000000 0.000000 
0.000000 0.000000 0.000000 0.000000 0.000000 0.000000 0.000000 0.000000 0.000000 0.000000 0.000000 0.000000 0.000000 0.000000 0.000000 0.000000 0.000000 0.000000 0.000000 0.000000 0.000000 0.000000 0.000000 0.000000 0.000000 0.000000 0.000000 0.000000 0.000000 0.000000 0.000000 0.000000 0.000000 0.000000 0.000000 0.000000 0.000000 0.000000 0.000000 0.000000 0.000000 
0.000000 0.000000 0.000000 0.000000 0.000000 0.000000 0.000000 0.000000 0.000000 0.000000 0.000000 0.000000 0.000000 0.000000 0.000000 0.000000 0.000000 0.000000 0.000000 0.000000 0.000000 0.000000 0.000000 0.000000 0.000000 0.000000 0.000000 0.000000 0.000000 0.000000 0.000000 0.000000 0.000000 0.000000 0.000000 0.000000 0.000000 0.000000 0.000000 0.000000 0.000000 
